-34.64423450647604
3.044298731199734
-4.952658107268798
-7.637227254122154
-8.249445001075227
-12.019653491118394
6.532790432240269
8.795075270490079
-9.208281614317919
-11.29550002363295
-13.130986772595321
-6.305168653705718
-36.51016860775962
5.162260773989166
-6.393018058962718
-5.161774378978545
-11.653540779340522
-8.054795021187763
-0.10859993245433194
12.326525941345096
-3.0659290615341304
-11.60373946325692
-15.635088015281312
-2.517210294245511
-36.31337426113993
2.910047989426498
-6.477615852710536
-4.12648316703498
-7.150460118983161
-12.3107980673702
4.14644768241207
12.350825785494063
-6.297410702866502
-10.049002820514904
-15.473036272605121
-1.6175835695085117
-34.15582081643273
3.4112978949952297
-10.595571469935502
-6.78737826946622
-5.343952110666724
-10.920449793961623
-4.316951541149944
0.7795753117571437
-2.318772500890913
-8.562933559023703
-14.25378712669839
-4.970534014499705
-23.10955972637231
-0.7693023689373313
-3.3166320088438166
-4.292931906637607
0.13286407956938207
-12.77400227527146
5.7388458261352095
-0.33979073547453564
-8.453856187388745
-6.142987378597427
-10.753108052897796
-8.459051857022295
-25.569533037950357
0.15354250224968796
-7.601998507377997
-7.630113849731029
-5.109970392411984
-3.4557319825428388
2.8354223737023103
6.345029424455143
-5.245424614767362
-8.56243334604462
-4.842964966908587
-3.545932299869237
-39.25717302022726
4.4268737667268265
-9.551631018792884
-5.887542743165676
-9.438729076884005
-10.513288167786353
0.8397732704656335
13.981561715161744
-2.2541481489583335
-11.046499010145855
-17.313790796184424
-1.8601878656417656
-37.24927003650878
1.3852214599758232
-5.855574244403355
-8.346103992526237
-7.478627029509428
-13.91825781090502
5.39650259688252
9.355098786625783
-9.288262097448651
-8.85315832052367
-14.803485335871578
-3.9191462439979103
-31.90876931036962
4.989769723419747
-11.806070530801708
-6.78394750566497
-11.47087590382789
-1.1774435987153762
-3.797618668106355
7.379833662051343
0.285234393553643
-11.564351346019224
-10.742552864846271
-1.6567305111720778
-37.39228862250383
3.3367616261961395
-8.142443075965442
-6.0509242651738075
-8.480238482376471
-11.276124117557455
0.0866078444297673
12.174932116755734
-3.355453206744097
-9.509292186514553
-16.968997606468452
-0.03635659599120167
-30.722489130816463
2.8414764839728206
-6.827922901660715
-7.356577665415177
-3.937560057996013
-10.802472410700725
3.4922647249600374
9.025345029523043
-3.755061778748593
-7.848546627537855
-11.84742100251819
-4.5689682985360545
-40.31125427841462
4.094527434546332
-8.851256316355409
-7.714099170046571
-9.601882599593539
-8.608785291787434
-0.11410852029881258
13.267320664877664
-3.648257952392638
-10.492709857200714
-13.54657757667301
-0.4819441716300119
-38.638835804507124
4.798768178692288
-6.86792856082621
-4.85482615785771
-11.367567855089568
-8.705730341008577
-1.819114123747749
10.987486303609533
-3.9550462620080746
-12.375906288532647
-17.369621538192145
-1.9603778465744355
-32.76299602114724
3.3126525860833995
-9.909617834161113
-7.194340592554991
-7.55866568212067
-5.626789158505606
-2.542215603233837
9.052047198704804
-0.0009885916543705964
-8.565333737099625
-10.757425811721427
-2.0185321908238114
-31.52329073484967
4.299789457527514
-7.163498713087721
-4.867826011860597
-10.654438651412743
-6.873354939504424
-5.739705875015008
4.853780053308783
-4.06342364030064
-9.479495404334244
-12.663698208414845
3.347150294025895
-37.405570927034184
3.2810119139297282
-8.104933921159326
-6.274633336511557
-8.412407834793587
-9.467121117489148
0.5832798078726162
12.269744805777709
-4.340783590870979
-10.440292917009657
-13.951618793350706
0.225972890077764
-31.62410511400603
4.067959421336991
-5.395494393212301
-5.747788083808693
-9.03626162317379
-8.794977456768127
-8.66403730766173
-1.1188374929154146
-3.219217012974693
-6.7349513381031265
-14.252237222359076
-1.6152406429440154
-15.513574036913893
0.6386709261601039
-4.764042759712519
-8.507392592777732
-3.109865936648441
-6.080571492317809
-3.612818892306376
-8.08605804666067
-1.4017541927040325
-2.5710627251905156
-5.2684333582915315
-8.764295568241092
-27.60502018569254
4.533495778211172
-5.661751332130923
-10.749587025846617
-8.88081889068419
-6.157588694879453
-7.602187526746673
-3.317933156080758
-6.002478822245363
-8.189518373119993
-4.52027457374608
-1.9508830934663388
-20.047286778427427
1.3510369966978848
-11.350901961973491
-10.331410249564613
0.08338177809066885
-8.20012448490225
-7.852793717738017
-7.211008059767629
-2.211259257363589
-4.247076021375211
-2.887371396704357
-5.754736368312466
-27.071182565413572
1.9060615777903562
-0.48790430038868504
-3.663398758278371
-7.330785817056253
-10.413140281965703
-2.9312324872377546
-2.618874035650328
-7.913099273934475
-4.723364519588258
-11.769031895754582
-2.277349579588656
-26.224997480621038
3.671041923160294
-5.540158578044373
-8.886757687217488
-7.203201844282377
-11.785250472236951
-3.678181648118311
-0.24471761886856447
-2.5988097467025186
-5.509034232070966
-14.215679876895761
-6.482425195415466
-28.682841761669867
3.2386292348647356
-8.495765464207269
-7.786163470657936
-5.155539702425871
-8.651123857936923
-5.26000597911679
1.4782647623748681
0.7136056415405259
-5.800940164664729
-12.221241163592623
-5.193317984027323
-19.07945193379961
3.9797303054995012
-2.219013144331269
-2.2888118959433337
-8.069098751827735
-0.7411076404662029
-5.085886096932088
-2.4542218319698166
1.5278209666013935
-5.4120871160066075
-7.932715501203319
-5.334427921384928
-31.532542058221953
2.0285032734361983
-9.45302924178861
-5.80616362536794
-4.379853968720801
-10.17549676410572
-6.736746266006123
2.2955070098688557
-0.7673261282658788
-5.152832804718606
-13.62167437714989
-0.9103347712114486
-31.127968747600153
4.143180948944173
-4.526853724158931
-1.9582176319524804
-10.893906550708806
-4.054829599425888
-7.356010517111738
-1.1676557914882433
-3.596489304953514
-8.977768696348313
-11.48138651181977
-1.0877814833450783
-34.16328072447578
6.134109657357721
-7.3953019797030715
-12.562458889573705
-13.150140936809647
-4.967573331742771
-9.138999174315597
-2.5441969458184017
-2.5288494296317343
-9.264939030938622
-9.3422352839038
-5.442972108198893
-33.40069086139284
5.730043804197121
-5.715542114854898
-10.023187639955035
-10.278116204515436
-9.333953086741708
-6.8272383731845485
-1.0317835071546233
-3.626444009359898
-8.464086658876184
-12.642865598241135
-6.082870432524354
-28.313859866402257
5.225892055440732
-7.166937565305445
-10.27698466945875
-8.47892686476441
-9.186989289912107
-6.0230210185988655
-1.9400234802525211
-3.793550929047629
-8.707975865692141
-8.790478569756553
-7.574515092654008
-23.092145618759847
3.674251459980485
-2.0663394117505627
-7.524296663953675
-10.470098806515754
-0.6259565503909525
-6.191511964538574
-3.5471148773116257
-5.394852570638738
-9.44405415778357
-3.72174172924975
-1.3803632895277123
-26.033014165972496
3.348659691263229
-6.629451192215997
-8.72305164148084
-7.728169941050741
-4.946055252677884
-9.025241677968276
-4.825591222121083
-5.611620157362954
-8.149290474474649
-5.272016585108249
-2.707344345865917
-27.177436878360844
3.2660525324178042
-3.1237405582860864
-6.02707492720169
-8.210293964804762
-7.682498587600749
-3.6306334863231857
-0.31275502927031
-4.69235277094881
-6.621550618770164
-9.984155680067156
-3.57122374805649
-12.752772577299893
-0.2773078904266408
-0.678120379490524
-0.1543353361799446
-1.562158224252706
-2.070615972871486
-0.1190878714642471
1.0399200313731924
-3.3419670576676523
-4.239604864345975
-3.086395058305569
-0.7639926801176409
-22.079084429224537
1.0922042890314076
-3.9110201574946233
-13.876250655536534
-6.668816841949722
-8.33852168794938
-0.8258223747253484
-11.68077989501875
-6.2250470081037586
-1.9859405017225593
-3.9152304494679386
-14.498804472211818
-26.378693686959824
-0.1140903364427847
-6.464187895380811
-7.897688368469021
-1.5254710434711918
-11.815928364514583
-1.049843612651415
-3.608610797930304
-7.642085044860209
-5.644316469066131
-9.839137214461301
-5.403865533768237
-30.627747030873298
3.10919212408565
-7.500730411239826
-11.581428270108793
-8.447590584598764
-4.128379748301407
-6.935864756070814
-3.6485472255298794
-7.737717406225479
-8.612438909397795
-2.007988118176267
-2.0134720796805783
-24.414571838840875
1.328076227941792
-2.424028179400763
-6.378619199395948
-6.125221004848854
-4.600849350679808
-5.381621596153338
-5.788098285526918
-5.331924800336002
-5.277694257495227
-6.746079330585782
-5.912000483520283
-26.949025036797735
3.586215834072411
-0.1626511804365394
-6.2019637593829255
-10.71989807777555
-1.2689258587170003
-7.254105954485787
-7.659387519933505
-10.704506763728164
-11.127306928532922
-3.7337886276121974
-3.165485469774371
-25.75762840024211
2.0185817732054625
-1.4580874400877275
-6.866178713494989
-7.831447048698543
-4.8326776874532325
-0.8927574722990302
-11.7023350744638
-11.98857905692952
-8.76055704159972
-3.1696228939843403
-9.460154357236126
-25.047616824435973
1.1915954466912653
-5.976593425481901
-6.7402905601652
-5.948965143138415
0.5746521381250496
-7.9965338279387925
-9.367701629774666
-10.694231002839947
-9.520636791622053
2.9800907357747795
-0.7662207796532565
